[gd_scene format=3 uid="uid://bufrvjcwdgi7q"]

[ext_resource type="Script" uid="uid://5nd45w6q42kq" path="res://core/dungeon.gd" id="1_6pvhc"]
[ext_resource type="Environment" uid="uid://cab2e1qcby00n" path="res://clicker/clicker_environment.tres" id="2_eppcp"]
[ext_resource type="Script" uid="uid://dfqjle1xd7utg" path="res://clicker/battle/entity_collision_join_battle.gd" id="2_sufut"]
[ext_resource type="PackedScene" uid="uid://dfe2ewygagnw0" path="res://clicker/player_3d.tscn" id="3_sufut"]
[ext_resource type="PackedScene" uid="uid://dbknfpibyx65f" path="res://clicker/health/health_station.tscn" id="4_1pa7v"]
[ext_resource type="PackedScene" uid="uid://1u7yq3idj1i" path="res://clicker/models/shredder.tscn" id="7_qmmos"]
[ext_resource type="PackedScene" uid="uid://b3vfstytefmpx" path="res://clicker/models/dragon.blend" id="8_jorcj"]
[ext_resource type="Script" uid="uid://dombw6pswxxfq" path="res://clicker/models/dragon.gd" id="9_l3xlb"]
[ext_resource type="PackedScene" uid="uid://cc57vppgoo5yt" path="res://clicker/rooms/foyer_clicker.tscn" id="9_ltlon"]
[ext_resource type="PackedScene" uid="uid://dtk2ojsopxo8u" path="res://clicker/rooms/cubicles_clicker.tscn" id="11_n41ta"]
[ext_resource type="PackedScene" uid="uid://4kypb7erth4s" path="res://clicker/enemies/buckley_500.tscn" id="11_wbro4"]
[ext_resource type="PackedScene" uid="uid://cp1smxbjpbolo" path="res://clicker/enemies/tintron_mk1.tscn" id="12_24q6l"]
[ext_resource type="PackedScene" uid="uid://ctar0x0es8uc6" path="res://clicker/models/sideboard.blend" id="12_sm5ll"]
[ext_resource type="PackedScene" uid="uid://bxsolwwd7avg6" path="res://clicker/enemies/ironosaurus.tscn" id="13_2upc0"]
[ext_resource type="ArrayMesh" uid="uid://b0vlo73s2fd38" path="res://visual/clutter/sculptures/sculpture_triangle.obj" id="13_hm7ry"]
[ext_resource type="PackedScene" uid="uid://dy8nc6drfd83y" path="res://clicker/enemies/b_ore.tscn" id="14_24q6l"]
[ext_resource type="ArrayMesh" uid="uid://ceb8oy4go2no4" path="res://visual/clutter/sculptures/sculpture_walk.obj" id="14_eppcp"]
[ext_resource type="PackedScene" uid="uid://c1kmuoujwaipa" path="res://clicker/rooms/atrium_clicker.tscn" id="14_i6glv"]
[ext_resource type="PackedScene" uid="uid://cgl7x0ttstr4c" path="res://clicker/rooms/corridor_clicker.tscn" id="15_02l0h"]
[ext_resource type="PackedScene" uid="uid://dhvl02rm22akm" path="res://clicker/enemies/tintron_mk2.tscn" id="15_4ftrl"]
[ext_resource type="PackedScene" uid="uid://c7kajudkcl2pl" path="res://clicker/rooms/library_clicker.tscn" id="16_5fxv6"]
[ext_resource type="PackedScene" uid="uid://dt7wtsdjt4iuq" path="res://clicker/enemies/ingomatic_v2.tscn" id="16_irgg2"]
[ext_resource type="PackedScene" uid="uid://dscg0fk4fioab" path="res://clicker/rooms/outside_clicker.tscn" id="16_wbro4"]
[ext_resource type="PackedScene" uid="uid://cnm0mmuj8qs82" path="res://clicker/rooms/padded_cell_clicker.tscn" id="17_24q6l"]
[ext_resource type="PackedScene" uid="uid://ba0pshnkbqejx" path="res://clicker/enemies/buckley_600.tscn" id="17_kkodl"]
[ext_resource type="PackedScene" uid="uid://dwe51gg6lfa0k" path="res://clicker/enemies/buckley_900.tscn" id="18_xkxrh"]
[ext_resource type="PackedScene" uid="uid://b1x8k8a5vndoq" path="res://clicker/enemies/d_ore.tscn" id="19_5s7a7"]
[ext_resource type="PackedScene" uid="uid://jj6xxf1ur6sm" path="res://clicker/enemies/goldiraptor.tscn" id="20_fivls"]
[ext_resource type="PackedScene" uid="uid://ihuyeodrof8q" path="res://clicker/enemies/c_ore.tscn" id="21_xkxrh"]
[ext_resource type="PackedScene" uid="uid://bk1novtq2fqjb" path="res://clicker/enemies/brassodon.tscn" id="22_5s7a7"]
[ext_resource type="PackedScene" uid="uid://8caxly5htdpe" path="res://clicker/enemies/ingomatic_v3.tscn" id="23_fivls"]
[ext_resource type="PackedScene" uid="uid://cacxaqud57kme" path="res://clicker/rooms/gallery_clicker.tscn" id="32_5s7a7"]
[ext_resource type="PackedScene" uid="uid://1dj8r87yrr6g" path="res://clicker/rooms/duct_rooms.tscn" id="33_fivls"]

[sub_resource type="BoxShape3D" id="BoxShape3D_sufut"]
size = Vector3(107, 112, 0.263)

[sub_resource type="BoxShape3D" id="BoxShape3D_l3xlb"]
size = Vector3(1.6708984, 1.7143555, 2.041504)

[sub_resource type="CylinderMesh" id="CylinderMesh_l3xlb"]
height = 0.5

[sub_resource type="BoxShape3D" id="BoxShape3D_kkodl"]
size = Vector3(3.975174, 3.0374146, 3.8685493)

[sub_resource type="BoxShape3D" id="BoxShape3D_4ftrl"]
size = Vector3(3.8717346, 3.0374146, 3.7676163)

[sub_resource type="BoxShape3D" id="BoxShape3D_irgg2"]
size = Vector3(2.056305, 3.0374146, 3.9189835)

[node name="ClickerLevel" type="Node3D" unique_id=1143420985 node_paths=PackedStringArray("collision_system", "player")]
script = ExtResource("1_6pvhc")
grid_size = Vector3(2, 8, 2)
collision_system = NodePath("Collision System")
player = NodePath("Player")
_invoke_cinematic_on_ready = false
metadata/_custom_type_script = "uid://5nd45w6q42kq"

[node name="Misc" type="Node3D" parent="." unique_id=2058052252]

[node name="DirectionalLight3D" type="DirectionalLight3D" parent="Misc" unique_id=1203206045]
transform = Transform3D(-0.8660254, -0.43301278, 0.25, 0, 0.49999997, 0.86602545, -0.50000006, 0.75, -0.43301266, 0, 0, 0)
light_color = Color(1, 0.6060892, 0.29846728, 1)
light_bake_mode = 1
shadow_enabled = true

[node name="WorldEnvironment" type="WorldEnvironment" parent="Misc" unique_id=786907947]
environment = ExtResource("2_eppcp")

[node name="Floor Collision" type="StaticBody3D" parent="Misc" unique_id=1804325127]
transform = Transform3D(1, 0, 0, 0, -4.371139e-08, 1, 0, -1, -4.371139e-08, -3.75, 0, -18.75)

[node name="CollisionShape3D" type="CollisionShape3D" parent="Misc/Floor Collision" unique_id=357102592]
transform = Transform3D(1, 0, 0, 0, 1, 0, 0, 0, 1, -0.76511, 12.27771, -0.13185121)
shape = SubResource("BoxShape3D_sufut")

[node name="sideboard" parent="Misc" unique_id=1737767895 instance=ExtResource("12_sm5ll")]
transform = Transform3D(-4.371139e-08, 0, -1, 0, 1, 0, 1, 0, -4.371139e-08, 6.4856634, 0, -2.0275226)

[node name="SculptureTriangle" type="MeshInstance3D" parent="Misc" unique_id=248872972]
transform = Transform3D(-0.076597214, 0, -0.9970621, 0, 1, 0, 0.9970621, 0, -0.076597214, 2.3989048, -0.00048824548, -4.8501587)
mesh = ExtResource("13_hm7ry")

[node name="SculptureWalk" type="MeshInstance3D" parent="Misc" unique_id=459975525]
transform = Transform3D(0.016946416, 0, -0.9998564, 0, 1, 0, 0.9998564, 0, 0.016946416, -1.9434199, 0.024633849, -6.031372)
mesh = ExtResource("14_eppcp")

[node name="Player" parent="." unique_id=942295760 instance=ExtResource("3_sufut")]

[node name="Interactables" type="Node3D" parent="." unique_id=1041109397]

[node name="dragon" parent="Interactables" unique_id=421680519 instance=ExtResource("8_jorcj")]
transform = Transform3D(-0.19917981, -1.3764798e-15, 0.97996294, 0, 1, 0, -0.97996294, -1.1228298e-15, -0.19917981, 8.077395, 0.5, -9.738616)
script = ExtResource("9_l3xlb")
focus_time = 3.0

[node name="trigger area" type="Area3D" parent="Interactables/dragon" unique_id=1164094524]
collision_mask = 512
input_ray_pickable = false

[node name="CollisionShape3D" type="CollisionShape3D" parent="Interactables/dragon/trigger area" unique_id=530802044]
transform = Transform3D(1.0000011, 0, -1.7881393e-07, 0, 1, 0, 1.7881393e-07, 0, 1.0000011, 0.33544922, 0.39233398, 0.055909157)
shape = SubResource("BoxShape3D_l3xlb")

[node name="MeshInstance3D" type="MeshInstance3D" parent="Interactables/dragon" unique_id=284583298]
transform = Transform3D(-0.62608695, -6.816821e-08, 0.77975345, 0, -1, -8.742278e-08, 0.77975345, -5.4734254e-08, 0.62608695, -0.051303864, -0.2535128, 0.055480003)
mesh = SubResource("CylinderMesh_l3xlb")

[node name="dragon3" parent="Interactables" unique_id=491939050 instance=ExtResource("8_jorcj")]
transform = Transform3D(0.9737222, 1.5946441e-15, -0.22773907, 0, 1, 0, 0.22773907, -7.82658e-16, 0.9737222, -44.29526, 0.50024414, -6.2830024)
script = ExtResource("9_l3xlb")
focus_time = 3.0

[node name="trigger area" type="Area3D" parent="Interactables/dragon3" unique_id=716907318]
collision_mask = 512
input_ray_pickable = false

[node name="CollisionShape3D" type="CollisionShape3D" parent="Interactables/dragon3/trigger area" unique_id=976590730]
transform = Transform3D(0.9659277, -2.646978e-23, 0.25881925, 0, 1, 0, -0.25881925, 0, 0.9659277, 0.40375137, 0.39233398, 0.34802628)
shape = SubResource("BoxShape3D_l3xlb")

[node name="MeshInstance3D" type="MeshInstance3D" parent="Interactables/dragon3" unique_id=1030232866]
transform = Transform3D(-0.62608695, -6.816821e-08, 0.77975345, 0, -1, -8.742278e-08, 0.77975345, -5.4734254e-08, 0.62608695, -0.051303864, -0.2535128, 0.055480003)
mesh = SubResource("CylinderMesh_l3xlb")

[node name="dragon4" parent="Interactables" unique_id=1582355424 instance=ExtResource("8_jorcj")]
transform = Transform3D(-0.9981909, -1.3043559e-15, -0.060125202, 0, 1, 0, 0.060125202, 1.2058605e-15, -0.9981909, -11.676061, 0.50024414, -8.277172)
script = ExtResource("9_l3xlb")
focus_time = 3.0

[node name="trigger area" type="Area3D" parent="Interactables/dragon4" unique_id=1103699797]
collision_mask = 512
input_ray_pickable = false

[node name="CollisionShape3D" type="CollisionShape3D" parent="Interactables/dragon4/trigger area" unique_id=316460256]
transform = Transform3D(1.0000011, 0, -1.7881393e-07, 0, 1, 0, 1.7881393e-07, 0, 1.0000011, 0.33544922, 0.39233398, 0.055909157)
shape = SubResource("BoxShape3D_l3xlb")

[node name="MeshInstance3D" type="MeshInstance3D" parent="Interactables/dragon4" unique_id=1121849401]
transform = Transform3D(-0.62608695, -6.816821e-08, 0.77975345, 0, -1, -8.742278e-08, 0.77975345, -5.4734254e-08, 0.62608695, -0.051303864, -0.2535128, 0.055480003)
mesh = SubResource("CylinderMesh_l3xlb")

[node name="dragon2" parent="Interactables" unique_id=965239500 instance=ExtResource("8_jorcj")]
transform = Transform3D(-0.55639714, -1.6997594e-15, 0.8309165, 0, 1, 0, -0.8309165, -5.160055e-16, -0.55639714, -19.886333, 0.5, -27.787323)
script = ExtResource("9_l3xlb")
focus_time = 3.0

[node name="trigger area" type="Area3D" parent="Interactables/dragon2" unique_id=1903916816]
collision_mask = 512
input_ray_pickable = false

[node name="CollisionShape3D" type="CollisionShape3D" parent="Interactables/dragon2/trigger area" unique_id=231000410]
transform = Transform3D(1.0000011, 0, -1.7881393e-07, 0, 1, 0, 1.7881393e-07, 0, 1.0000011, 0.33544922, 0.39233398, 0.055909157)
shape = SubResource("BoxShape3D_l3xlb")

[node name="MeshInstance3D" type="MeshInstance3D" parent="Interactables/dragon2" unique_id=914086384]
transform = Transform3D(-0.62608695, -6.816821e-08, 0.77975345, 0, -1, -8.742278e-08, 0.77975345, -5.4734254e-08, 0.62608695, -0.051303864, -0.2535128, 0.055480003)
mesh = SubResource("CylinderMesh_l3xlb")

[node name="Health Station" parent="Interactables" unique_id=847146449 instance=ExtResource("4_1pa7v")]
transform = Transform3D(0.14546137, 0, -0.9893638, 0, 1, 0, 0.9893638, 0, 0.14546137, 6, 0, -6)

[node name="Healing Trigger" parent="Interactables/Health Station" index="0" unique_id=97075159]
transform = Transform3D(0.5421189, 0, -0.84030175, 0, 1, 0, 0.84030175, 0, 0.5421189, 0, 0, 0)

[node name="CollisionShape3D" parent="Interactables/Health Station/Healing Trigger" index="0" unique_id=925421835]
transform = Transform3D(0.75000733, 0, -0.6614297, 0, 1, 0, 0.6614297, 0, 0.75000733, 0.070466995, 1.4695084, -0.016103268)

[node name="Healing Spotting" parent="Interactables/Health Station" index="1" unique_id=15656062]
transform = Transform3D(0.9773459, 0, -0.21164894, 0, 1, 0, 0.21164894, 0, 0.9773459, 0, 0, 0)

[node name="CollisionShape3D" parent="Interactables/Health Station/Healing Spotting" index="0" unique_id=1475420285]
transform = Transform3D(0.99782187, 0, 0.06597829, 0, 1, 0, -0.06597829, 0, 0.99782187, 1.087501, 1.5087588, 0.9524865)
shape = SubResource("BoxShape3D_kkodl")

[node name="healinglamp" parent="Interactables/Health Station" index="2" unique_id=560483784]
transform = Transform3D(0.4893064, 0, 0.87211233, 0, 1, 0, -0.87211233, 0, 0.4893064, -0.5139223, 0, -0.38706565)

[node name="Health Station5" parent="Interactables" unique_id=1313802590 instance=ExtResource("4_1pa7v")]
transform = Transform3D(0.970863, 0, -0.23963504, 0, 1, 0, 0.23963504, 0, 0.970863, 17.794235, 0, -6.1490173)

[node name="Healing Trigger" parent="Interactables/Health Station5" index="0" unique_id=97075159]
transform = Transform3D(0.5421189, 0, -0.84030175, 0, 1, 0, 0.84030175, 0, 0.5421189, 0, 0, 0)

[node name="CollisionShape3D" parent="Interactables/Health Station5/Healing Trigger" index="0" unique_id=925421835]
transform = Transform3D(0.9882659, 0, -0.15274441, 0, 1, 0, 0.15274441, 0, 0.9882659, 0.17186022, 1.4695084, -0.18262291)

[node name="Healing Spotting" parent="Interactables/Health Station5" index="1" unique_id=15656062]
transform = Transform3D(0.9773459, 0, -0.21164894, 0, 1, 0, 0.21164894, 0, 0.9773459, 0, 0, 0)

[node name="CollisionShape3D" parent="Interactables/Health Station5/Healing Spotting" index="0" unique_id=1475420285]
transform = Transform3D(0.9050208, 0, 0.42536932, 0, 1, 0, -0.42536932, 0, 0.9050208, 1.4998455, 1.5087588, 0.4320774)
shape = SubResource("BoxShape3D_kkodl")

[node name="healinglamp" parent="Interactables/Health Station5" index="2" unique_id=560483784]
transform = Transform3D(0.4893064, 0, 0.87211233, 0, 1, 0, -0.87211233, 0, 0.4893064, -0.5139223, 0, -0.38706565)

[node name="Health Station7" parent="Interactables" unique_id=1870900035 instance=ExtResource("4_1pa7v")]
transform = Transform3D(0.23963499, 0, 0.970863, 0, 1, 0, -0.970863, 0, 0.23963499, -32.105766, 0, -3.8490171)

[node name="Healing Trigger" parent="Interactables/Health Station7" index="0" unique_id=97075159]
transform = Transform3D(0.5421189, 0, -0.84030175, 0, 1, 0, 0.84030175, 0, 0.5421189, 0, 0, 0)

[node name="CollisionShape3D" parent="Interactables/Health Station7/Healing Trigger" index="0" unique_id=925421835]
transform = Transform3D(0.9409105, 0, -0.33865592, 0, 1, 0, 0.33865592, 0, 0.9409105, 0.17185974, 1.4695084, -0.18262386)

[node name="Healing Spotting" parent="Interactables/Health Station7" index="1" unique_id=15656062]
transform = Transform3D(0.9773459, 0, -0.21164894, 0, 1, 0, 0.21164894, 0, 0.9773459, 0, 0, 0)

[node name="CollisionShape3D" parent="Interactables/Health Station7/Healing Spotting" index="0" unique_id=1475420285]
transform = Transform3D(0.9050208, 0, 0.42536932, 0, 1, 0, -0.42536932, 0, 0.9050208, 1.4998455, 1.5087588, 0.4320774)
shape = SubResource("BoxShape3D_kkodl")

[node name="healinglamp" parent="Interactables/Health Station7" index="2" unique_id=560483784]
transform = Transform3D(0.4893064, 0, 0.87211233, 0, 1, 0, -0.87211233, 0, 0.4893064, -0.5139223, 0, -0.38706565)

[node name="Health Station2" parent="Interactables" unique_id=1714655084 instance=ExtResource("4_1pa7v")]
transform = Transform3D(-0.929545, 0, 0.36870876, 0, 1, 0, -0.36870876, 0, -0.929545, 4.0583496, 0, -13.91214)

[node name="Healing Trigger" parent="Interactables/Health Station2" index="0" unique_id=97075159]
transform = Transform3D(0.5421189, 0, -0.84030175, 0, 1, 0, 0.84030175, 0, 0.5421189, 0, 0, 0)

[node name="CollisionShape3D" parent="Interactables/Health Station2/Healing Trigger" index="0" unique_id=925421835]
transform = Transform3D(0.97832143, 0, -0.20709217, 0, 1, 0, 0.20709217, 0, 0.97832143, 0.12687206, 1.4695084, -0.06437111)

[node name="Healing Spotting" parent="Interactables/Health Station2" index="1" unique_id=15656062]
transform = Transform3D(0.9773459, 0, -0.21164894, 0, 1, 0, 0.21164894, 0, 0.9773459, 0, 0, 0)

[node name="CollisionShape3D" parent="Interactables/Health Station2/Healing Spotting" index="0" unique_id=1475420285]
transform = Transform3D(0.5629925, 0, -0.8264619, 0, 1, 0, 0.8264619, 0, 0.5629925, 1.5226359, 1.5087588, 0.35808277)
shape = SubResource("BoxShape3D_4ftrl")

[node name="healinglamp" parent="Interactables/Health Station2" index="2" unique_id=560483784]
transform = Transform3D(0.4893064, 0, 0.87211233, 0, 1, 0, -0.87211233, 0, 0.4893064, -0.5139223, 0, -0.38706565)

[node name="Health Station4" parent="Interactables" unique_id=731632618 instance=ExtResource("4_1pa7v")]
transform = Transform3D(-0.75696087, 0, -0.65346014, 0, 1, 0, 0.65346014, 0, -0.75696087, -17.94165, 0, -7.91214)

[node name="Healing Trigger" parent="Interactables/Health Station4" index="0" unique_id=97075159]
transform = Transform3D(0.5421189, 0, -0.84030175, 0, 1, 0, 0.84030175, 0, 0.5421189, 0, 0, 0)

[node name="CollisionShape3D" parent="Interactables/Health Station4/Healing Trigger" index="0" unique_id=925421835]
transform = Transform3D(0.27505013, 0, -0.9614299, 0, 1, 0, 0.9614299, 0, 0.27505013, 0.12687302, 1.4695084, -0.06437206)

[node name="Healing Spotting" parent="Interactables/Health Station4" index="1" unique_id=15656062]
transform = Transform3D(0.9773459, 0, -0.21164894, 0, 1, 0, 0.21164894, 0, 0.9773459, 0, 0, 0)

[node name="CollisionShape3D" parent="Interactables/Health Station4/Healing Spotting" index="0" unique_id=1475420285]
transform = Transform3D(0.8938024, 0, -0.44846112, 0, 1, 0, 0.44846112, 0, 0.8938024, 0.8285723, 1.5087588, 0.39424896)
shape = SubResource("BoxShape3D_4ftrl")

[node name="healinglamp" parent="Interactables/Health Station4" index="2" unique_id=560483784]
transform = Transform3D(0.4893064, 0, 0.87211233, 0, 1, 0, -0.87211233, 0, 0.4893064, -0.5139223, 0, -0.38706565)

[node name="Health Station6" parent="Interactables" unique_id=1696266179 instance=ExtResource("4_1pa7v")]
transform = Transform3D(0.238415, 0, 0.9711634, 0, 1, 0, -0.9711634, 0, 0.238415, -27.912819, 0, -27.944725)

[node name="Healing Trigger" parent="Interactables/Health Station6" index="0" unique_id=97075159]
transform = Transform3D(0.5421189, 0, -0.84030175, 0, 1, 0, 0.84030175, 0, 0.5421189, 0, 0, 0)

[node name="CollisionShape3D" parent="Interactables/Health Station6/Healing Trigger" index="0" unique_id=925421835]
transform = Transform3D(-0.33163428, 0, -0.9434081, 0, 1, 0, 0.9434081, 0, -0.33163428, 0.12687302, 1.4695084, -0.06437302)

[node name="Healing Spotting" parent="Interactables/Health Station6" index="1" unique_id=15656062]
transform = Transform3D(0.9773459, 0, -0.21164894, 0, 1, 0, 0.21164894, 0, 0.9773459, 0, 0, 0)

[node name="CollisionShape3D" parent="Interactables/Health Station6/Healing Spotting" index="0" unique_id=1475420285]
transform = Transform3D(0.90136445, 0, 0.43306145, 0, 1, 0, -0.43306145, 0, 0.90136445, 1.2398024, 1.5087588, 0.43215942)
shape = SubResource("BoxShape3D_4ftrl")

[node name="healinglamp" parent="Interactables/Health Station6" index="2" unique_id=560483784]
transform = Transform3D(0.4893064, 0, 0.87211233, 0, 1, 0, -0.87211233, 0, 0.4893064, -0.5139223, 0, -0.38706565)

[node name="Health Station3" parent="Interactables" unique_id=2020262230 instance=ExtResource("4_1pa7v")]
transform = Transform3D(-0.9641, 0, 0.26553935, 0, 1, 0, -0.26553935, 0, -0.9641, 6.2644653, 0, -29.84803)

[node name="Healing Trigger" parent="Interactables/Health Station3" index="0" unique_id=97075159]
transform = Transform3D(0.5421189, 0, -0.84030175, 0, 1, 0, 0.84030175, 0, 0.5421189, 0, 0, 0)

[node name="CollisionShape3D" parent="Interactables/Health Station3/Healing Trigger" index="0" unique_id=925421835]
transform = Transform3D(0.29637492, 0, 0.9550717, 0, 1, 0, -0.9550717, 0, 0.29637492, 0.14731216, 1.4695084, -0.11800766)

[node name="Healing Spotting" parent="Interactables/Health Station3" index="1" unique_id=15656062]
transform = Transform3D(0.9773459, 0, -0.21164894, 0, 1, 0, 0.21164894, 0, 0.9773459, 0, 0, 0)

[node name="CollisionShape3D" parent="Interactables/Health Station3/Healing Spotting" index="0" unique_id=1475420285]
transform = Transform3D(0.46269077, 0, -0.8865168, 0, 1, 0, 0.8865168, 0, 0.46269077, 1.2495546, 1.5087588, -0.5321331)
shape = SubResource("BoxShape3D_irgg2")

[node name="healinglamp" parent="Interactables/Health Station3" index="2" unique_id=560483784]
transform = Transform3D(0.4893064, 0, 0.87211233, 0, 1, 0, -0.87211233, 0, 0.4893064, -0.5139223, 0, -0.38706565)

[node name="Shredder" parent="Interactables" unique_id=1014609165 instance=ExtResource("7_qmmos")]
transform = Transform3D(-1, 0, 8.742278e-08, 0, 1, 0, -8.742278e-08, 0, -1, 0, 0, 2.3843231)

[node name="Enemies" type="Node3D" parent="." unique_id=930926840]

[node name="Buckley 500" parent="Enemies" unique_id=286162732 instance=ExtResource("11_wbro4")]
transform = Transform3D(1, 0, 0, 0, 1, 0, 0, 0, 1, -6, 0, 0)

[node name="Buckley 503" parent="Enemies" unique_id=98194420 instance=ExtResource("11_wbro4")]
transform = Transform3D(1, 0, 0, 0, 1, 0, 0, 0, 1, -26, 0, 2)

[node name="TinTron Mk 1" parent="Enemies" unique_id=1004711397 instance=ExtResource("12_24q6l")]
transform = Transform3D(1, 0, 0, 0, 1, 0, 0, 0, 1, -6, 0, -6)

[node name="Ironosaurus" parent="Enemies" unique_id=1671207812 instance=ExtResource("13_2upc0")]
transform = Transform3D(1, 0, 0, 0, 1, 0, 0, 0, 1, 0, 0, -8)

[node name="Ironosaurus3" parent="Enemies" unique_id=1925031789 instance=ExtResource("13_2upc0")]
transform = Transform3D(1, 0, 0, 0, 1, 0, 0, 0, 1, -28, 0, -8)

[node name="Buckley 501" parent="Enemies" unique_id=1504957118 instance=ExtResource("11_wbro4")]
transform = Transform3D(1, 0, 0, 0, 1, 0, 0, 0, 1, 4, 0, -8)

[node name="bORE" parent="Enemies" unique_id=1968096298 instance=ExtResource("14_24q6l")]
transform = Transform3D(1, 0, 0, 0, 1, 0, 0, 0, 1, 8, 0, -8)

[node name="TinTron Mk 2" parent="Enemies" unique_id=270388462 instance=ExtResource("15_4ftrl")]
transform = Transform3D(1, 0, 0, 0, 1, 0, 0, 0, 1, -10, 0, -12)

[node name="TinTron Mk 2 1" parent="Enemies" unique_id=36433640 instance=ExtResource("15_4ftrl")]
transform = Transform3D(1, 0, 0, 0, 1, 0, 0, 0, 1, -10, 0, -4)

[node name="TinTron Mk 2 2" parent="Enemies" unique_id=85260987 instance=ExtResource("15_4ftrl")]
transform = Transform3D(1, 0, 0, 0, 1, 0, 0, 0, 1, -36, 0, -4)

[node name="TinTron Mk 2 3" parent="Enemies" unique_id=710076024 instance=ExtResource("15_4ftrl")]
transform = Transform3D(1, 0, 0, 0, 1, 0, 0, 0, 1, -36, 0, -4)

[node name="Ingomatic v2" parent="Enemies" unique_id=1005232335 instance=ExtResource("16_irgg2")]
transform = Transform3D(1, 0, 0, 0, 1, 0, 0, 0, 1, -14, 0, -6)

[node name="bORE2" parent="Enemies" unique_id=626243242 instance=ExtResource("14_24q6l")]
transform = Transform3D(1, 0, 0, 0, 1, 0, 0, 0, 1, -16, 0, -12)

[node name="Buckley 600" parent="Enemies" unique_id=1649458648 instance=ExtResource("17_kkodl")]
transform = Transform3D(1, 0, 0, 0, 1, 0, 0, 0, 1, -18, 0, -4)

[node name="Buckley 601" parent="Enemies" unique_id=54481226 instance=ExtResource("17_kkodl")]
transform = Transform3D(1, 0, 0, 0, 1, 0, 0, 0, 1, -16, 0, -8)

[node name="Buckley 900" parent="Enemies" unique_id=202651353 instance=ExtResource("18_xkxrh")]
transform = Transform3D(1, 0, 0, 0, 1, 0, 0, 0, 1, -24, 0, -16)

[node name="a-dORE" parent="Enemies" unique_id=1993373237 instance=ExtResource("19_5s7a7")]
transform = Transform3D(1, 0, 0, 0, 1, 0, 0, 0, 1, -24, 0, -36)

[node name="a-dORE2" parent="Enemies" unique_id=968348332 instance=ExtResource("19_5s7a7")]
transform = Transform3D(1, 0, 0, 0, 1, 0, 0, 0, 1, -42, 0, -6)

[node name="Goldiraptor" parent="Enemies" unique_id=334218574 instance=ExtResource("20_fivls")]
transform = Transform3D(1, 0, 0, 0, 1, 0, 0, 0, 1, -26, 0, -32)

[node name="Goldiraptor2" parent="Enemies" unique_id=179716096 instance=ExtResource("20_fivls")]
transform = Transform3D(1, 0, 0, 0, 1, 0, 0, 0, 1, -38, 0, -2)

[node name="TinTron Mk 3" parent="Enemies" unique_id=871539255 instance=ExtResource("15_4ftrl")]
transform = Transform3D(1, 0, 0, 0, 1, 0, 0, 0, 1, -4, 0, -16)

[node name="Ingomatic v3" parent="Enemies" unique_id=797911691 instance=ExtResource("16_irgg2")]
transform = Transform3D(1, 0, 0, 0, 1, 0, 0, 0, 1, -4, 0, -24)

[node name="Ingomatic v4" parent="Enemies" unique_id=1555273118 instance=ExtResource("16_irgg2")]
transform = Transform3D(1, 0, 0, 0, 1, 0, 0, 0, 1, 4, 0, -24)

[node name="Buckley 901" parent="Enemies" unique_id=1412132424 instance=ExtResource("18_xkxrh")]
transform = Transform3D(1, 0, 0, 0, 1, 0, 0, 0, 1, -6, 0, -30)

[node name="Buckley 902" parent="Enemies" unique_id=896472502 instance=ExtResource("18_xkxrh")]
transform = Transform3D(1, 0, 0, 0, 1, 0, 0, 0, 1, -44, 0, 1)

[node name="Buckley 903" parent="Enemies" unique_id=1447280475 instance=ExtResource("18_xkxrh")]
transform = Transform3D(1, 0, 0, 0, 1, 0, 0, 0, 1, -44, 0, 1)

[node name="cORE" parent="Enemies" unique_id=2134893892 instance=ExtResource("21_xkxrh")]
transform = Transform3D(1, 0, 0, 0, 1, 0, 0, 0, 1, 12, 0, -18)

[node name="Brassodon" parent="Enemies" unique_id=738115456 instance=ExtResource("22_5s7a7")]
transform = Transform3D(1, 0, 0, 0, 1, 0, 0, 0, 1, 18, 0, -16)

[node name="Brassodon2" parent="Enemies" unique_id=867607441 instance=ExtResource("22_5s7a7")]
transform = Transform3D(1, 0, 0, 0, 1, 0, 0, 0, 1, 20, 0, -12)

[node name="Ingomatic v5" parent="Enemies" unique_id=175371527 instance=ExtResource("23_fivls")]
transform = Transform3D(1, 0, 0, 0, 1, 0, 0, 0, 1, 14, 0, -6)

[node name="Ingomatic v6" parent="Enemies" unique_id=1470329711 instance=ExtResource("16_irgg2")]
transform = Transform3D(1, 0, 0, 0, 1, 0, 0, 0, 1, 16, 0, -14)

[node name="Buckley 502" parent="Enemies" unique_id=2055195107 instance=ExtResource("11_wbro4")]
transform = Transform3D(1, 0, 0, 0, 1, 0, 0, 0, 1, 6, 0, -14)

[node name="Ironosaurus2" parent="Enemies" unique_id=77761123 instance=ExtResource("13_2upc0")]
transform = Transform3D(1, 0, 0, 0, 1, 0, 0, 0, 1, 8, 0, -12)

[node name="Ironosaurus4" parent="Enemies" unique_id=813144085 instance=ExtResource("13_2upc0")]
transform = Transform3D(1, 0, 0, 0, 1, 0, 0, 0, 1, -32, 0, 2)

[node name="Ironosaurus5" parent="Enemies" unique_id=552893444 instance=ExtResource("13_2upc0")]
transform = Transform3D(1, 0, 0, 0, 1, 0, 0, 0, 1, -30, 0, 0)

[node name="Ironosaurus6" parent="Enemies" unique_id=1601939382 instance=ExtResource("13_2upc0")]
transform = Transform3D(1, 0, 0, 0, 1, 0, 0, 0, 1, -28, 0, 2)

[node name="bORE3" parent="Enemies" unique_id=382203718 instance=ExtResource("14_24q6l")]
transform = Transform3D(1, 0, 0, 0, 1, 0, 0, 0, 1, 12, 0, 0)

[node name="bORE4" parent="Enemies" unique_id=2048500192 instance=ExtResource("14_24q6l")]
transform = Transform3D(1, 0, 0, 0, 1, 0, 0, 0, 1, 12, 0, 2)

[node name="Buckley 602" parent="Enemies" unique_id=1396538564 instance=ExtResource("17_kkodl")]
transform = Transform3D(1, 0, 0, 0, 1, 0, 0, 0, 1, 14, 0, 2)

[node name="Foyer" parent="." unique_id=248408387 instance=ExtResource("9_ltlon")]

[node name="Library" parent="." unique_id=1536973768 instance=ExtResource("16_5fxv6")]

[node name="Cubicles" parent="." unique_id=1279492692 instance=ExtResource("11_n41ta")]

[node name="Atrium" parent="." unique_id=1315631618 instance=ExtResource("14_i6glv")]

[node name="Outside" parent="." unique_id=1686640705 instance=ExtResource("16_wbro4")]

[node name="Corridor" parent="." unique_id=353704301 instance=ExtResource("15_02l0h")]

[node name="PaddedCell" parent="." unique_id=507186414 instance=ExtResource("17_24q6l")]
transform = Transform3D(1, 0, 0, 0, 1, 0, 0, 0, 1, -32, 0, -21)

[node name="Collision System" type="Node" parent="." unique_id=1467278961]
script = ExtResource("2_sufut")

[node name="Gallery" parent="." unique_id=182392180 instance=ExtResource("32_5s7a7")]
transform = Transform3D(1, 0, 0, 0, 1, 0, 0, 0, 1, -44, 0, 4)

[node name="Duct Rooms" parent="." unique_id=1551150923 instance=ExtResource("33_fivls")]
transform = Transform3D(1, 0, 0, 0, 1, 0, 0, 0, 1, 10, 0, -19)

[connection signal="area_entered" from="Interactables/dragon/trigger area" to="Interactables/dragon" method="_on_trigger_area_area_entered"]
[connection signal="area_entered" from="Interactables/dragon3/trigger area" to="Interactables/dragon3" method="_on_trigger_area_area_entered"]
[connection signal="area_entered" from="Interactables/dragon4/trigger area" to="Interactables/dragon4" method="_on_trigger_area_area_entered"]
[connection signal="area_entered" from="Interactables/dragon2/trigger area" to="Interactables/dragon2" method="_on_trigger_area_area_entered"]

[editable path="Interactables/Health Station"]
[editable path="Interactables/Health Station5"]
[editable path="Interactables/Health Station7"]
[editable path="Interactables/Health Station2"]
[editable path="Interactables/Health Station4"]
[editable path="Interactables/Health Station6"]
[editable path="Interactables/Health Station3"]
